ID	PFR	CFR	DFR	EPO	ECA	PCA	RPO	NSE	CSE	DSE	PSE	CFO	LFO	AAR	DAR	DCO	PRO	SAC	GLU	FRU
CRI01	390.9	97.2	88.3	30	1.8	47.6	79.5	1.1	62.5	32.4	32	21.6	8.9	11	21.3	8.9	1.4	13.1	3.6	2.8
CRI02	338.5	104.4	78.1	28	1.9	42.8	78.3	1	62.2	29.5	30.7	28	6.9	5.1	24.5	6.9	1.3	19.1	3.1	2.9
CRI03	573.4	117.3	97.6	35.9	2.2	70.2	81.3	1	66	23	34.3	36.8	8.6	9.3	24.8	8	1.2	17.6	3.6	3.5
CRI04	220.3	73.6	73.6	19.6	1.7	32	68.5	1.7	49.3	33.8	37.4	24	8.8	5.3	22.9	5.3	1.1	14.8	4.7	4
CRI05	234.8	82.4	72.7	21.3	1.8	31.2	70.9	2	54.2	28.8	37	33.4	7.3	4.7	28.6	6.4	0.6	11.2	3.3	3.2
GCA06	420.7	93.8	90.8	29.6	2.4	61.3	75.4	1.3	58.5	35.1	42	29.4	8.9	11	28.6	7	0.4	13.8	4.6	4.4
GCA07	505.4	111.8	98.2	35.4	2.3	68	78.2	1.2	63.1	35.2	42.2	21.2	6.6	6	30.6	9.3	1.1	14.5	4.4	4.1
GCA08	537	110.1	98.4	33.61	2	71.6	78.3	1.3	66.6	33.2	45	33.4	9.9	7.5	28.6	7.9	0.4	10.1	4.9	4.4
GCA09	267.8	93.8	72.9	24.4	1.6	37.7	72.4	1.3	58.4	31.49	36.1	22.5	8.5	5.4	25.5	6	1.2	12.1	7.8	7.1
GCA10	349.3	118.3	73.4	23	2.5	61.7	70.5	1.4	68.9	32.2	41.4	28.9	9.3	10	38.2	8.8	1	16.6	3.7	3.9
GCA11	402.5	102.7	86.1	24.7	1.9	52.7	75.3	1.6	66.4	36.7	57.2	46.1	11.7	7.2	28.6	6.2	0.9	15.5	2.8	2.5
GCA12	345	75.1	89.6	31.2	2.5	56.3	73	1.2	59	35.6	36.7	30.2	8.6	4.6	24.8	6.4	0.8	5.7	9.6	9.3
CRI13	458.6	91.7	94.5	31.5	2.9	76	73.6	1.3	54.7	36.3	44.9	24.8	7.8	10.2	27	6.3	1	12.5	3.1	2.7
CRI14	331	94.9	82.3	27.1	1.5	42.5	76	1	66.8	33.9	37	20.7	9.8	5.5	25.1	6.5	1.1	17.3	3.1	3.2
CRI15	302	97.4	74.7	24.3	1.8	47.7	71.5	1.1	60.1	33.6	38.5	16.6	8.9	7	25.5	6.2	0.3	13.6	2.9	2.8
PAN16	543.2	118.8	97	34.3	2	74.3	79.2	1	59.9	32.4	29.8	13.8	5.1	11	26.7	4.1	0.7	2.8	5.7	5.5
PAN17	221.1	91.9	67.5	19.7	1.4	30.7	73.9	1.1	56.5	30.7	27.1	20.8	8.3	7.6	24.5	4.9	2	3.2	9.3	9.6
PAN18	291.9	105.2	62.8	20.1	1	34	74	1.6	64.9	32.8	41.9	13.3	5.7	6	19.1	4.1	1.5	16.1	3.3	2.8
PAN19	268.6	84.4	79	23.3	2	39.6	68.8	1.6	58.6	32.8	44.2	16.9	6.5	5.8	19.1	6.5	1.3	1.7	11.4	11
HDR20	378	90.9	85.6	32.2	2.1	47.5	78.3	1.4	54.1	31	34.4	22.4	8.2	7.3	24.5	5.4	1.2	13.2	3.8	3.5
HDR21	434.9	116.8	85.9	31.7	2.2	62.9	73.3	1.1	73.7	36	53.2	28.6	9.6	9.5	28	6.9	0.7	2.3	10.1	10.1
HDR22	429.9	91.6	88.1	28.1	1.4	49.2	79.3	1.1	59	35.2	38.9	25.4	7.7	6.3	26.4	5.5	1	5	8.1	7.9
HDR23	235.1	83.9	73.12	22.01	1.7	29.2	73.7	2	54.2	27.7	32.5	20.9	8	3.2	12.7	3	1.2	19	4.1	4.1
HDR24	562.2	112.8	96.4	32.2	2.1	72.9	78.5	1	67.2	37.9	48.7	34.7	10.1	9	37.6	7.8	0.7	3.1	9.7	9.1
HDR25	276.5	93.8	72.6	22.9	2.4	47.2	69.9	1.3	62.4	31.5	35.9	34.7	11.6	7.2	31.8	7	1.1	5.2	8.3	7.5
HDR26	324.4	98.2	79.5	25.9	2.6	54.4	72.1	1.1	58.7	34.4	36	36.5	9.2	5	29.3	6.5	1.3	13	3.7	3.4
HDR27	373.1	104	83.4	27.2	2.3	54.7	71.8	1.3	67.6	36.8	50.4	28.6	9.3	7.2	27.4	7	0.9	3.5	10.2	9.8
GCA28	501.2	114.4	89.4	25.9	2.1	69.4	74.5	1.8	74.7	34.5	58.4	21.6	6.3	5.2	27.4	6	0.8	6.9	4.6	4.6
GCA29	173.6	77.5	70.6	23.3	2	41.1	60.2	1.3	52.3	34	27.9	23.5	7.5	4.4	19.1	5.5	1.6	4.6	9.9	8.9
GCA30	297.2	104	78.2	22.9	2.4	49.5	71.9	1.4	62.1	30.2	33.9	27.5	8.2	6	22.3	6.2	0.6	11.7	4.5	4
GCA31	455.7	117.6	80.2	25.7	2.3	64	75	1.5	75.5	31.8	49.8	26.6	7.8	6.4	23.2	6	0.8	10.2	8	7.6
GCA32	617.3	135.7	90	30.5	2.1	85	78.5	1	73.9	34	47.8	26.5	8	6	27.1	6.1	0.9	7.8	7	5.8
GCA33	673.1	135.3	97.2	31.5	2.6	96.2	77.2	1.3	76.6	37	57.5	26.7	8.6	6.7	26.7	6	0.8	11.8	4.3	4
GCA34	367.8	111.1	80.5	24.7	2.3	63.1	68	1.3	74.8	35.4	54.5	33.1	9.3	6.2	30.1	8.7	0.8	4.7	6.7	6.4
GCA35	375.3	101	77.6	25.3	2.3	57.1	73	1.3	74.5	32.3	44.1	42	11.4	8.7	30.1	9.8	1	9.3	7.8	7.9
GCA36	380.5	116.6	79.9	25.2	2	49.3	73.4	1.3	74.6	35.7	51.7	33.4	10.1	5.5	21.6	6.7	1	17.1	3.2	3.1
GCA37	693.6	128.7	98.4	36.2	2.6	94.3	80.8	1.1	71.3	34	38.5	36	8.7	11	37.9	8.8	1	3.7	8.5	7.7
CRI38	559.5	90.3	98	34.5	1.6	51.2	81.3	1.1	55.3	41.5	53.4	19.3	7	5.4	24.8	5.3	1	12.4	3.8	3.4
NIC39	204.3	64.6	74.5	23.8	1.5	24.5	79	1.2	45.1	26.3	18.4	20.9	5.8	4	21.6	5.2	0.9	17.1	4.1	3.6
NIC40	195.1	79.4	78	20.9	1.6	24.4	74.3	1	60.4	29.2	25.7	25.8	7.8	4.2	18.1	5.7	0.6	10.2	5	4.9
NIC41	176.8	68.4	68.8	18.6	1.6	24.5	69.7	2.3	50.8	26.6	29	26.5	8.2	5.3	27.1	4.4	1.2	11.8	4.7	4.4
NIC42	204.2	66	70.6	23	1.3	32.4	66.8	1.4	58.3	31.3	35.3	25.7	7.1	9.8	24.8	5.5	0.9	13.4	3.8	3.4
NIC43	338.3	90.6	81.1	23.7	1.8	39.9	74.5	1.8	64.8	32.8	46.3	24.8	7.9	5.4	22.3	5.2	1.2	18.7	3.5	3.4
HDR44	301.1	89.5	78.4	29.7	2	41.7	77.6	1	58.5	31.1	25.7	20.9	7.1	5.7	25.5	4.4	0.6	18	2.7	2.7
CRI45	378.6	104.7	80.6	24.3	1.7	58.2	71.2	1.6	65.1	34.1	50.7	17.8	6.5	4.3	20	3	0.8	8.9	2.5	1.8
GCA46	481.8	112.7	99.8	31.7	2.6	76.9	75.9	1.1	64.5	31.6	32	39.1	10.5	5.9	23.9	7.8	0.8	16.5	2.6	2.4
ELS47	474.8	96.4	96.2	33.2	1.8	49.5	81.6	1	62.3	32.1	37.7	26.3	9.25	5.5	26.7	4.7	0.8	13.1	4.2	3.6
CRI48	295	86.9	80.6	20	2.2	46.3	66.6	1.6	54.9	35.6	52.3	22.2	12	5.2	18.6	4.3	0.6	16.3	2.8	3.1
CRI49	363.7	117.4	73.9	22.5	1.8	73.4	68.4	1	70.8	36.6	40.3	20.2	7.8	4.9	15.9	5.2	1	10.9	5.3	5.3
GCA50	411.2	92.8	87.4	29.8	2.5	58.7	76.7	1	60.1	35.6	37	16.6	5.2	5.3	23.9	5.5	0.9	15.5	2	2.1
GCA51	566.8	128.7	90.8	30.2	1.7	64.3	80.1	1.4	72.5	34.2	48.3	23.7	7.6	7.7	27.4	6.9	0.5	10.6	3.1	3.1
CRI52	492.9	91	97.9	36.5	2	63.8	81	1	61.5	33	29.6	11.7	4.6	6.4	22	6.7	1.6	11.8	4.2	3.7
CRI53	313.7	76.2	87.1	29.6	1.2	37.9	75.7	1.4	52.3	35.5	38.4	16.7	6	8	27.7	7.6	1	14.2	4.3	4.1
CRI54	458.8	98.5	88.5	30.5	1.6	56	81.5	1.1	61	30.4	28.9	26.4	8	6.4	24.5	7	0.9	3.5	10.5	10.4
CRI55	620.9	93.7	106.17	26	1.3	77	81.7	1.1	59.9	31	36	16.7	7.7	8.1	26.4	6.5	0.9	12.3	3.7	3.5
CRI56	291.4	92	79.3	24.4	1.7	48.5	70.3	1.2	50.9	33.7	38	18.9	6.7	7.9	26.1	6.3	0.7	7.1	4.2	4
CRI57	391.4	103.7	87.6	26	1.1	42.7	83	1.4	62	37	53	23.7	9.3	9.4	30.6	8.9	0.7	7.6	3.5	3.3
ELS58	270.5	97.5	73.6	20.6	1.9	45.8	66.3	1.8	65.5	30.7	45.4	24.8	10.3	7.4	21.3	5.8	0.8	8.3	5.9	5.5
ELS59	193.8	89.3	65.7	23.2	1.9	35	65.7	1	59.9	32.1	31.5	20.4	5.5	8.4	29.3	6.2	1.2	17.7	2.8	2.8
ELS60	266.8	80.4	67.6	23	1.9	37.4	70.7	1	60.8	37.5	40.8	24	6.6	5.4	26.4	5.8	1.3	18	7.2	6.7
CRI61	301.5	92.3	77.6	26.9	1.8	35.7	77.3	1.1	59.7	32.4	32.8	19.2	5.2	7.9	26.1	6.3	0.6	13.1	4.4	4.5
NIC62	479.7	99	92.1	32.5	1.4	45.8	81.7	1.2	59.9	34.7	41.9	30.5	11	9	23.2	7.1	0.8	8.5	4.7	4.8
ELS63	406.8	97.1	85.5	25.5	1.7	43.5	74.6	2.2	59.1	34.1	59.9	21.5	16.3	5.5	19.7	4	0.7	10.5	4	3.8
